150
1.403
1.288
0.874
0.897
1.288
1.955
0.575
1.955
1.472
2.277
0.207
0.483
1.173
0.046
0.046
2.024
0.874
1.173
0.598
0.207
2.116
2.070
1.702
1.725
2.231
0.782
2.300
1.265
0.483
0.851
1.357
0.759
0.046
1.564
0.345
1.173
1.794
2.139
1.541
1.196
0.598
0.874
0.713
1.081
1.104
0.782
0.345
2.231
0.529
0.483
2.093
1.978
1.288
1.840
2.139
0.092
2.185
0.667
1.150
1.909
1.817
0.161
0.966
1.886
1.173
0.437
2.139
1.771
1.587
0.138
1.725
0.023
0.276
1.725
1.840
2.116
0.345
1.771
0.713
2.093
0.897
0.138
1.380
0.391
0.828
2.185
0.713
0.690
1.426
1.058
1.311
2.024
0.437
0.897
0.299
1.288
0.552
2.208
2.208
1.081
0.736
1.058
0.690
1.449
1.426
1.288
0.874
0.713
0.529
1.978
0.207
0.138
2.093
0.644
0.414
1.173
1.173
0.276
0.299
0.529
0.368
1.518
1.150
0.322
2.093
0.207
0.460
1.840
0.575
2.185
0.621
0.621
0.460
1.242
1.886
1.817
1.955
1.403
1.288
1.748
1.587
1.403
1.242
0.253
1.196
1.564
0.897
0.414
0.575
1.541