26002.3
571.5
14095.4
420.8
13266.5
408.2
907.5
106.8
9156.2
339.1
5805.8
270.0
13677.8
414.5
11304.0
376.8
5024.0
251.2
28938.2
602.9
9498.5
345.4
12861.4
401.9
1017.3
113.0
23766.7
546.3
907.5
106.8
13677.8
414.5
25434.0
565.2
26002.3
571.5
615.4
87.9
4069.4
226.1
16733.1
458.4
5024.0
251.2
15386.0
439.6
19596.7
496.1
6079.0
276.3
50.2
25.1
11304.0
376.8
7850.0
314.0
1808.6
150.7
31400.0
628.0
6936.2
295.2
254.3
56.5
13677.8
414.5
20601.5
508.7
10930.3
370.5
78.5
31.4
25434.0
565.2
153.9
43.9
1962.5
157.0
26577.0
577.8
